0;0;1.0;2518,565,702,2886,2908,3093,3145,1545,3616,3724
1;0;0.010530044181053425;2305,546,1448
2;0;0.022543127792947204;1944,590
3;0;0.004078382834643346;2862,191
4;0;0.24277912642949484;3650,69,3405
5;0;0.08627659750422145;1922,2380,999,109
6;0;0.017167553750201736;1408,3782,3426
7;0;-5.946188473160419e-06;1595
8;0;0.007006756549561288;3341,2863,3540,2711
9;0;-4.566666170213729e-06;1723
10;0;0.14271568069308327;2641,1621,2148,2787,2831,1820,1833,3494,3516,2551
11;4;0.00993271204129531;2562,3128
12;10;0.008885412046989227;2786,2794,3084,2586
13;10;0.01516667702377772;2983,3559,2617,3514,2781
14;10;0.1675617425758389;3106,39,3126,3675,3749,2283,2854,3406
15;4;8.010504630462378e-05;3397,3209
16;4;0.0010632357789219782;3620,2703,3605,1911,345
17;4;0.0008107664338543596;145,562
18;10;0.07756661526891928;2744,2753,1795,3333,2440
19;2;-1.8034724195814533e-05;251
20;2;-1.095387590865915e-05;2404,2774,2680
21;14;-4.147419987854395e-05;2499
22;18;0.00031336669499637537;673,2754
23;5;-2.1862869310718125e-05;318
24;14;-5.285873292548704e-05;791
25;18;-0.00012565128720121166;2296
26;18;-7.959459091899657e-05;1337
27;14;0.009513232544586137;1921,3630,2769,3228,511
28;18;-2.531517482384782e-05;111
29;18;0.001986235581799889;612,660,2572
30;4;0.0010752416485290128;3336,620,1841,2911
31;20;-1.2493413647507445e-05;3738,3507
32;14;0.008732076774076614;834,1250,2635,719,3767,3357,2654
33;5;-8.462565237776776e-05;3386
34;18;0.011009943724294202;2646,3698,2681,3748,1214,3786,1748,2907,3429,1899,3462,2962,1970,2008,478
35;10;-3.410868666786637e-05;1675
36;0;2.611565181942499e-05;6,2822,2971
37;6;-7.122976823759064e-05;1989,3754,3090
38;0;-4.387911070524719e-05;347
39;2;-1.8854374888355174e-05;2493
40;14;-0.00012846694044421625;90
41;14;-0.00010382253106222539;488
42;34;0.01216229769095889;2502,712,2921,1291,2000,368,3734
43;10;-7.33922965479028e-06;2860,2813
44;14;0.0067588592154441685;3776,2081,197,390,103,1386,945,154
45;5;-0.00016154946614566068;889,93
46;11;4.98683821953394e-05;332
47;5;-1.9046399611588605e-05;3586,3550,1070
48;10;-0.00012664818578744796;1182
49;20;-2.4656438846304418e-05;37,140,2820
50;10;-0.00011558737004369046;1959
51;5;-0.0018416063567537888;3214,274,935,2218,1585,62
52;10;0.00491166797666065;2048,1541,2918,3082,2815,156
53;34;-0.00011017126277634848;1796
54;30;-7.878387298065892e-05;997
55;34;-0.00011487435836277093;501
56;4;-0.00011991642041231376;2480
57;0;-0.00022451948597568272;2069
58;0;8.193430876468621e-05;2149
59;1;-6.126763723768303e-05;3716,1522
60;34;0.008116618614466331;67,581,3689,526,3485,2398
61;34;0.008423917946598913;3136,1537,2348,1581,653,886,1463,3002
62;16;-3.831321280400868e-05;3726,3062
63;51;2.282996891644906e-06;3570,1778,666,255
64;30;-5.293585260746081e-05;1033
65;0;-0.00023456340991345748;160
66;14;-0.00020854110794521485;228,336,3283,3769,3519
67;34;0.002338649654097469;2052,2373,2541,2958,397,3761
68;10;-0.00014187525788100785;2356,1654,414
69;11;-0.00011104520544003016;2312
70;4;-0.00014877713939487336;496
71;2;-5.596445522870752e-05;2147,2179
72;4;-0.00038368099735408556;296,946,2460
73;32;-0.00012080880717957321;1813
74;10;-0.0002089999118469743;1300
75;10;-0.000183690426394989;1536
76;0;-0.0002527498897134661;1757
77;0;-0.0009379804281802739;815,3579,1789
78;51;-0.00026820270030647464;1016,2184
79;11;-0.00024012999510947264;3456,224,138,3567,848,2616,2270,2751
80;14;-0.0001446275739633851;704
81;5;-9.222836195788009e-05;784
82;30;-0.0006971538701757707;1602,2083,3529,2443,505
83;51;-0.00013382010926110688;428
84;10;-0.0003336967647792344;3302
85;15;-3.5869626777595975e-05;3016
86;6;-0.00041498512069171323;495
87;2;-9.474178357371521e-05;232
88;44;-0.0001622042812137181;2141
89;46;-4.472746557060425e-05;2150,2929,373
90;10;-0.00034256564481394136;597,3117
91;5;-0.0007535248556034269;32,591,1424
92;14;-0.0003915744745927041;522
93;52;-0.00013293788370771775;2757
94;27;-0.0004776726135339304;3744,2826,3308,1682
95;34;-0.00020876256539448246;173
96;10;-0.00030615643117537505;3534
97;14;-0.00021287087927834847;1644
98;10;-0.00039468851567237007;3081
99;34;-0.0003855140363365761;1319
100;52;-0.0003052052423180296;1401
101;4;-9.611088135363932e-05;2818,2277,3752,1878,2906
102;51;-0.0005731646440543248;1140
103;0;-0.0004725480131898552;98,1676
104;2;-7.169205078660923e-05;3331
105;16;-0.00011817586099471811;1396
106;17;-0.0001361451664959601;786
107;20;-0.00030788280871063556;198
108;51;-0.0025796007115209685;2185,2570,2954,1969,2905
109;10;-0.0020409969288209817;2086,1289,2321,509,990
110;72;-0.00026690938156626043;1680
111;15;-7.228852524299167e-05;2552
112;13;-0.00020206772952302554;3268,2733
113;77;-0.0003933140273115754;3781,3142,2839
114;101;-0.00033109649017182274;3250
115;32;-0.0006122111826493137;3381
116;59;-0.00012271268845154282;265
117;37;-0.00032293365772273486;1938
118;14;-0.0006700513927678786;858
119;5;-0.0008912028490429824;2992,418,2198
120;94;-0.00019416334575383942;836
121;10;-0.0012925819101480274;3107,2280,3056,2073,766
122;79;-0.00038089751681691375;1690
123;18;-0.00019697595710410631;500
124;60;2.0052535201986466e-05;1866,1756,2390,1822
125;34;-0.0008409730529733705;1733
126;42;-0.0003605831239444912;2355,339
127;30;-0.0010014952146324418;2087,1194,3562
128;32;-0.001710321935627812;48,1145,1180,1709
129;67;-0.0005997231736692976;121
130;14;-0.004789273333421162;770,2982,555,3022,2607,3504
131;68;-0.00012826335912707876;3293
132;89;-0.00015541759568038493;2647
133;12;-0.00028586899403382215;1532
134;52;-0.0005692610087318917;2281
135;17;-0.00016584779659201132;1855
136;1;-8.400559016208398e-05;2726
137;34;-0.001476744988425871;1024,95
138;67;-0.0018480852456813635;3041,2978,3617,3528
139;0;-0.0013319918810303921;958
140;61;-0.00043543842271254185;2523,3573
141;6;-0.0007317464356706438;2856,57
142;27;-0.000222904548142;723
143;2;-0.00023444412486406385;968,3768,351
144;10;-0.0004740126851676685;1800,1939,389
145;18;-0.0003328619050179116;2121
146;32;-0.0006166575563535392;1553
147;101;-0.0006703719444266509;2096,2282,3765,3223
148;0;-0.0007660166063825358;406
149;37;-0.00020326947465065803;65
150;66;-0.00020593364505738787;553
151;15;-0.00014981343983433426;2737
152;79;-0.0029008052484985614;1953,1666,2501,2725,1164,1747,3260
153;16;-0.0003679564581613448;942
154;34;-0.0007659160065071058;2497
155;51;-0.0006091494975772882;721
156;32;-0.0006609879543325592;3499
157;17;-0.0002568765452126698;2565
158;12;-0.00040333132335867994;289,3597
159;0;-0.0006515011799625992;2734
160;66;-0.0002118565237679837;457
161;5;-0.0002175842998252131;3171
162;52;-0.0006023288705572227;2652
163;34;-0.0006738397076345715;905
164;44;-0.0008268476222800247;2709
165;72;-0.0003327389315117557;1607
166;60;-0.00039177223659936367;3664
167;91;-0.00019678786741461618;864
168;94;-0.00024378541123803998;107
169;8;-0.00020583921511696524;71
170;12;-0.0002749807440377561;311
171;0;-0.001269760712890644;3354
172;31;-0.00010705960161772055;130
173;0;-0.0016994500730221906;162
174;51;-0.00064521089088454;2409
175;15;-0.00017808933938279203;1946
176;36;-0.0004383080986120058;2673,3739
177;25;-5.5023371964169066e-05;2825
178;77;-0.0005840712728544251;2717
179;58;-0.00022677144191152188;2642
180;67;-0.0004512851853699651;2228
181;61;-0.0006249579884584078;2729
182;44;-0.0008948396828566407;1927
183;29;-0.00018881967846751113;1469
184;107;-0.0002763686680768984;3602,3434
185;6;-0.0005488448704780158;3190,3727
186;32;-0.0008852410763259266;2123
187;16;-0.0005654834310520052;1038
188;52;-0.002835210268713362;2841,3131,3053,3271
189;87;-6.541773863788514e-05;2337
190;44;-0.0008294918797743245;18
191;113;-0.0002698714378395195;3326
192;60;-0.0013759284521824844;2261,2989,3757
193;72;-0.0005549756118238269;1659
194;51;-0.0005822718345915856;2738
195;4;-0.00021028844177817252;217
196;0;-0.004945225407117615;736,417,2731,2212
197;82;-0.0006109927455651976;3412
198;67;-0.0006579155577802753;1071
199;127;-0.0005094840867858608;976
200;20;-0.00025409813155219396;445
201;18;-0.0022623219461290756;975,470,2535
202;108;-0.0005100187888950058;3236
203;86;-0.0002936502895587445;178,3678,3087
204;17;-0.0007631925080842095;2776,2987,2957
205;22;-0.00016959393501592146;1344
206;27;-0.00045731720957509214;745
207;91;-0.0003482550439458665;2582
208;61;-0.0007004806674214548;1696
209;16;-0.0004533658755031533;2256
210;152;-0.001049943993693736;2808
211;51;-0.0008524993985992158;1323
212;130;-0.0012274098061582084;2914
213;37;-0.0002880822887934009;2041
214;72;-0.0008862009552677019;2920,733
215;77;-0.0015829684907754382;2544,2938,2708,1960
216;117;-0.00010333178679000632;3530
217;58;-0.0003190595101681959;663,637,3263
218;68;-0.000853990011284167;2868,325
219;127;-0.0010446259041919648;1476,3527
220;44;-0.001476599720637961;1208
221;6;-0.0003306100579987259;2880
222;24;-0.00011053524501725143;3158
223;116;-0.00011085143477040926;1191
224;13;-0.0008919333624139991;1975
225;138;-0.0004506547712529452;176
226;0;-0.0021378392334100438;2322
227;44;-0.001257387179693592;1529
228;34;-0.002017167707340062;575
229;109;-0.0006501007692877314;1686
230;28;-0.00012231748372726337;1444
231;10;-0.0017198555855109099;3104
232;14;-0.0021778557060386783;3088,2858
233;67;-0.0007320125037381109;3677
234;141;-0.0002533302346451327;3442
235;101;-0.0009893559252402984;3329
236;107;-0.00012871953328463803;2533
237;32;-0.0013851049158405404;3165
238;132;-0.0001292346081608331;648
239;130;-0.0013440259073869143;1082
240;42;-0.0012443321064931068;1957
241;5;-0.000527261815435387;218
242;34;-0.0032283890305374596;3730
243;52;-0.001307479725140559;2189
244;32;-0.00185637424006313;2532
245;113;-0.00042300783067417136;2614
246;79;-0.0012409333174108195;2072
247;119;-0.0005674189184261547;744
248;59;-0.00034677504966862394;2078
249;130;-0.0011450744665976176;2343
