2886,3093,20.428811904761908
2886,3145,82.73778095238099
2886,3724,22.67211190476191
2886,565,20.428811904761908
2886,736,3.581
2886,2731,33.52799761904763
2886,1545,1.6400619047619047
2886,3616,69.67648095238096
2886,2908,79.77055238095241
2886,702,33.14278333333334
2886,162,8.138585714285714
2886,2518,34.84533571428571
2886,958,1.1376
2886,2322,0.2598
2886,2069,0.7442857142857143
3093,3145,31.127328571428574
3093,565,71.71682857142858
3093,3724,77.14882857142857
3093,406,6.872
3093,1545,12.338578571428572
3093,3616,2.3875619047619048
3093,2731,1.4399285714285714
3093,2322,9.764066666666668
3093,958,4.323466666666667
3093,162,0.2598
3093,2908,0.2598
3145,565,28.436328571428575
3145,3724,33.51262857142857
3145,2731,15.112347619047616
3145,3616,50.398030952380964
3145,1545,12.338578571428572
3145,2908,40.794435714285726
3145,702,7.60475
3145,162,2.1868857142857143
3145,2322,9.764066666666668
3145,958,5.201266666666666
3145,2518,0.7442857142857143
3145,2069,0.7442857142857143
565,3724,66.21182857142857
565,406,6.237
565,2731,1.4399285714285714
565,1545,9.647578571428573
565,3616,2.3875619047619048
565,2322,7.0730666666666675
565,958,2.646466666666667
565,2908,0.2598
565,162,0.2598
3724,406,3.959
3724,2731,3.825228571428571
3724,3616,4.772861904761905
3724,1545,12.338578571428572
3724,2908,1.8996
3724,2322,9.764066666666668
3724,958,4.323466666666667
3724,162,0.2598
1621,2551,48.615166666666674
1621,2787,248.34191666666666
1621,2321,2.1559999999999997
1621,1939,1.347
1621,389,0.2615
1621,1833,129.88521666666665
1621,3056,31.813033333333333
1621,2148,36.66883333333334
1621,2831,8.8895
1621,3516,60.920000000000016
1621,990,0.9435
1621,509,0.9435
1621,2641,1.8395833333333331
1621,3333,2.3995
1621,2440,4.4165
1621,2813,0.79225
2551,2787,199.77391666666654
2551,2321,3.207
2551,1833,105.65755000000001
2551,389,0.2615
2551,1939,0.2615
2551,3516,11.197499999999998
2551,990,0.9435
2551,509,0.9435
2551,2831,10.211333333333334
2551,3056,0.7682
2551,2641,37.25358333333334
2551,1820,16.1815
2551,2813,0.79225
2787,2321,5.363
2787,2052,2.88
2787,509,5.398499999999999
2787,389,2.333
2787,990,2.498
2787,1939,21.998499999999996
2787,1833,114.92755
2787,3056,22.382033333333336
2787,3494,105.9865
2787,2148,32.596833333333336
2787,3516,9.566416666666667
2787,2831,9.125833333333333
2787,2641,17.2785
2787,3104,13.083499999999999
2787,2086,0.4925
2787,1820,21.025500000000005
2787,3534,1.435
3106,3675,99.48565000000002
3106,39,21.929733333333335
3106,3406,64.25014999999999
3106,3769,11.446333333333333
3106,2854,5.657733333333333
3106,3228,0.774
3106,2769,0.774
3106,3504,1.4519
3106,3630,0.774
3106,2283,12.604166666666666
3106,103,12.903
3106,397,1.3385
3106,2523,1.4166666666666667
3106,3053,1.54
3106,3271,1.54
3106,3749,1.438
3106,555,1.58425
3106,2982,6.476916666666667
3106,90,0.5095
3106,488,0.5095
3675,39,36.0794
3675,3126,1.9805000000000001
3675,3406,58.148149999999994
3675,2854,0.1274
3675,3504,10.572066666666666
3675,2283,12.604166666666666
3675,397,1.3385
3675,1866,6.493
3675,2523,1.4166666666666667
3675,3271,1.54
3675,3053,1.54
3675,555,1.58425
3675,2982,7.809583333333333
3675,90,0.5095
3675,2914,1.3326666666666667
3675,488,0.5095
39,3126,54.74083333333332
39,2854,131.2117333333333
39,3769,1.8948333333333334
39,2523,3.207666666666667
39,3504,17.674566666666667
39,3406,21.179900000000004
39,2858,1.2293333333333334
39,2982,1.24
39,2148,4.885
39,3271,2.675
39,3053,2.675
156,3056,17.41766666666667
156,2073,15.466666666666665
156,2918,109.92249999999997
156,3082,35.464000000000006
156,2189,8.494666666666667
156,2815,72.02933333333331
156,1541,17.448
156,2938,8.9605
156,1676,0.7506666666666666
156,2652,7.729500000000001
156,2281,6.0605
3056,2073,44.67916666666667
3056,2280,60.729
3056,3117,9.7195
3056,3142,3.164
3056,1536,3.084
3056,1300,2.558
3056,1676,1.5426666666666666
3056,2148,6.310333333333333
3056,3516,0.7682
3056,2831,0.7682
3056,1833,8.125
3056,1960,2.9463333333333335
3056,2938,2.9463333333333335
3056,2544,2.9463333333333335
3056,3293,1.421
2073,766,15.575516666666667
2073,3107,15.575516666666667
2073,1959,0.23099999999999998
2073,3302,1.8921666666666666
2073,1536,1.328
2073,3117,0.7455
2073,1300,2.558
2073,3081,3.1151
2073,3514,0.97935
2073,2781,0.97935
2073,1676,0.7506666666666666
1795,3333,37.73866666666667
1795,2535,23.452999999999996
1795,2440,49.080666666666666
1795,975,1.7663333333333333
1795,470,3.013833333333333
1795,2744,18.721500000000002
1795,3617,2.297
3333,2440,168.713
3333,975,1.9289999999999998
3333,2744,12.499
3333,3041,0.5810000000000001
3333,2535,0.25766666666666665
3333,470,0.25766666666666665
3333,2753,19.479
3333,3516,2.3995
3333,1833,2.3995
3333,3104,8.305
3333,2121,3.5295
3333,2978,12.959
2008,2962,112.28401666666666
2008,1214,98.30999999999997
2008,3698,319.9638333333334
2008,575,32.359500000000004
2008,1970,68.12616666666665
2008,3786,71.63801666666667
2008,526,12.216333333333331
2008,2052,0.9476666666666667
2008,3617,13.528666666666666
2008,478,76.76499999999997
2008,2497,13.213999999999999
2008,3462,39.943000000000005
2008,1748,46.26249999999998
2008,2681,41.9165
2008,95,8.6315
2008,653,3.227
2008,3429,30.853516666666668
2008,2373,3.8535999999999997
2008,2958,1.3805999999999998
2008,3748,90.64599999999999
2008,3485,0.95825
2008,2646,122.68749999999997
2008,3730,25.888166666666663
2008,2907,111.35983333333336
2008,1899,30.46
2008,1319,2.969333333333333
2008,2860,2.38
2008,1733,5.146
2008,3664,3.0875
2008,1337,0.7679999999999999
2962,526,4.095333333333333
2962,3786,54.61984999999999
2962,1214,2.766
2962,2681,7.074999999999999
2962,2497,2.4935
2962,2958,1.3805999999999998
2962,3429,29.908849999999997
2962,2373,3.8535999999999997
2962,3485,2.85325
2962,1899,2.917
1922,2380,36.66866666666667
1922,2185,0.3006666666666667
1922,191,0.077
1922,3236,0.077
1922,2356,0.077
1922,591,0.077
1922,32,1.0371666666666666
1922,109,1.7335
1922,218,10.9755
1922,889,1.425
1922,2992,3.4015000000000004
2380,2185,1.8242500000000001
2380,591,2.2224000000000004
2380,32,4.762066666666667
2380,3570,1.06
2380,255,1.06
2380,2954,1.5235833333333333
2380,109,20.543049999999997
2380,999,23.687083333333334
2380,2992,8.138266666666667
2380,418,1.1802666666666668
2380,2198,0.6346666666666666
2380,1969,1.1665
2380,2282,0.09333333333333334
2380,3223,0.09333333333333334
2380,3765,0.09333333333333334
2380,3171,4.523
2380,2582,0.3708
2380,3386,0.3708
2380,744,0.5456000000000001
526,3689,117.96699999999998
526,3786,4.095333333333333
526,3485,21.690499999999997
526,2535,4.808
526,2348,10.31
526,1214,2.8495
526,2989,20.457
526,3617,10.096
526,2398,54.324000000000005
526,1463,1.22
526,1866,18.8465
526,67,133.51899999999998
526,3504,3.451
526,121,4.006
526,581,19.512000000000004
526,368,2.8855
526,3429,4.064
526,2373,7.6339999999999995
3689,2398,1.089
3689,2914,1.8185
3689,3504,3.676166666666667
3689,555,1.8576666666666668
3689,2982,1.8576666666666668
886,1581,101.78733333333328
886,2348,0.4116666666666667
886,3136,8.045833333333333
886,1463,18.176333333333336
886,653,5.391
886,1537,3.8760000000000003
886,2282,1.3198333333333334
886,2523,4.762
886,3002,2.304
1581,1463,108.44966666666667
1581,653,71.85033333333334
1581,3136,65.78800000000001
1581,2348,46.29799999999999
1581,1537,125.9975
1581,575,0.684
1581,1866,1.975
1581,2523,10.232
1581,2282,1.3198333333333334
1581,1214,9.691333333333333
1581,3002,0.959
590,968,3.922
590,3331,1.4849999999999999
590,3768,0.9795
590,2493,0.1955
590,1944,17.307
590,232,1.972
968,3768,11.944
2000,2502,41.606166666666674
2000,2921,172.2491666666666
2000,368,85.51975
2000,1386,1.168
2000,1291,9.393166666666666
2000,660,2.67675
2000,3734,5.2059999999999995
2502,2921,48.76416666666667
2502,1291,47.30866666666667
2502,3744,3.161
2502,3769,0.546
2502,368,3.6342499999999998
2502,660,2.67675
2502,1957,9.616
2502,719,0.859
2502,2532,0.859
2921,368,67.94475
2921,1386,1.168
2921,121,2.458
2921,1291,12.200666666666669
2921,660,2.67675
2921,1957,0.989
2921,3734,33.9795
2921,2355,3.999
2921,339,3.999
2921,107,2.054
2921,3776,9.329
2921,103,2.054
2921,2673,0.866
478,1748,13.0885
478,95,3.574
478,2681,2.6955
478,1214,1.1255
478,3002,3.1755
478,3698,32.054
478,1899,2.425
1748,95,22.387
1748,3002,8.256
1748,2907,16.03
1748,905,15.512
1748,1024,4.825
1748,1344,1.902
1748,673,1.902
1748,173,4.825
69,3650,158.34416666666672
69,3752,0.3175
69,2906,0.446
69,3405,19.973333333333333
69,2646,0.8945
69,1164,0.9815
69,2501,0.9815
69,2808,0.9815
69,397,2.081
69,2562,1.2123333333333333
69,2440,1.6493333333333335
69,496,1.6493333333333335
3650,3405,46.61133333333334
3650,217,4.398
3650,3752,0.3175
3650,2906,11.923333333333336
3650,2646,0.8945
3650,2501,0.9815
3650,2808,0.9815
3650,1164,0.9815
3650,397,2.081
3650,2562,1.2123333333333333
3650,673,1.6083333333333334
3650,1344,1.6083333333333334
3650,496,1.6493333333333335
3650,2440,1.6493333333333335
2769,3228,136.43321666666657
2769,3630,55.31871666666665
2769,719,1.913
2769,1386,1.0595
2769,103,1.0595
2769,836,0.138
2769,3744,2.9721666666666664
2769,1145,1.154
2769,511,38.673883333333315
2769,1682,1.0291666666666668
2769,660,1.2895
2769,1921,4.780049999999999
2769,723,0.9400000000000001
2769,745,2.2028
2769,2283,0.4015
3228,3630,53.86971666666664
3228,3744,8.651666666666666
3228,836,0.138
3228,3308,2.7904999999999998
3228,511,39.80088333333332
3228,1682,1.0291666666666668
3228,660,1.2895
3228,1921,4.780049999999999
3228,745,2.2028
3228,723,0.9400000000000001
3228,2283,0.4015
3630,3744,1.9036666666666666
3630,1145,1.154
3630,3022,7.640000000000001
3630,511,32.402883333333335
3630,1682,1.0291666666666668
3630,1921,4.76255
3630,723,0.9400000000000001
3630,745,2.2028
3630,2283,0.4015
660,2572,65.07200000000002
660,1291,2.67675
2572,612,16.299
3084,3597,8.498
3084,2786,36.267999999999994
3084,2794,13.218499999999999
3084,2586,13.017000000000001
3084,1532,2.9875
3084,1595,0.17800000000000002
3084,311,4.118
3597,2212,2.951
3597,289,7.409000000000001
389,1939,88.15650000000001
389,2535,1.022
389,1800,2.0875
1939,509,2.842
1939,1696,3.475
1939,1800,11.249500000000001
546,1448,10.174000000000001
546,1676,0.2165
546,98,0.2165
546,2305,4.938
1448,2305,7.332999999999999
620,3336,8.8555
620,505,1.2145000000000001
620,1841,14.869
620,2911,15.299000000000003
620,2409,0.495
620,1602,2.341
620,3529,0.207
620,2189,1.021
620,2087,3.3646666666666665
620,1194,3.3646666666666665
620,3562,9.117666666666667
3336,505,0.142
3336,997,0.522
3336,2911,5.4525
3336,1841,1.6190000000000002
103,1386,38.12766666666667
103,154,7.1185
103,945,32.29766666666667
103,3776,170.42200000000003
103,3504,2.8656666666666664
103,2858,0.75375
103,3126,0.75375
103,2854,0.75375
103,3749,0.75375
103,107,2.054
1386,154,18.960616666666667
1386,390,208.86739999999992
1386,368,1.168
1386,2081,83.01655000000001
1386,945,39.0764
1386,3504,2.8656666666666664
1386,197,25.752333333333333
1386,1208,9.608533333333334
1386,1250,1.079
1386,3308,1.4252
1386,2709,5.053333333333334
1386,1529,6.7242999999999995
1386,1927,4.3969
1386,18,3.6071999999999997
1386,2141,0.7034
1214,3698,5.145166666666666
1214,1970,12.071666666666665
1214,2052,0.9476666666666667
1214,3617,3.2396666666666665
1214,2497,0.806
1214,3462,15.935
1214,3786,2.766
1214,2681,4.038
1214,575,13.501000000000001
1214,1899,20.48
1214,3136,9.691333333333333
1214,653,1.2793333333333334
1214,3429,3.440833333333334
766,3107,49.718016666666664
766,1959,1.0010000000000001
766,3302,1.9691666666666667
766,3081,3.1151
766,2356,0.7063333333333334
766,2781,2.3461833333333333
766,3586,0.7063333333333334
766,3514,0.97935
1959,3107,1.8369999999999997
1959,3302,0.077
1959,2218,0.549
1959,2954,0.549
1959,1424,0.549
1959,1585,0.549
3107,3302,3.1911666666666667
3107,414,9.658500000000002
3107,325,9.544500000000001
3107,3081,3.1151
3107,2356,6.867
3107,3514,0.97935
3107,2781,1.63985
3107,1654,0.811
3302,2460,2.292
3302,3081,0.9305
2460,2562,1.418
2460,3752,3.423
2460,2277,7.526999999999999
2460,296,8.552083333333334
2460,2818,2.014
2460,733,2.14675
2460,2920,2.47125
2460,946,4.5504999999999995
2460,2906,2.4018333333333333
2460,1659,2.4018333333333333
2460,1680,1.2337500000000001
2460,2480,0.3245
2460,1607,0.3245
2562,3128,7.766
2562,2312,1.224
2562,2072,1.778
2562,3765,1.149
2562,1747,3.263
2562,3405,1.2123333333333333
2149,3263,6.6226666666666665
2149,1789,0.32866666666666666
2149,2734,0.32866666666666666
3263,1789,0.32866666666666666
3263,2734,5.849666666666666
3263,663,59.147499999999994
3263,2642,4.706
3263,637,8.081
3263,1696,1.577
3263,2839,3.253
3263,3781,4.2145
1789,2734,0.32866666666666666
1789,815,48.048
1789,3579,2.252
2734,2938,11.932666666666666
2734,2212,14.521
2734,2731,2.3706666666666667
2734,637,0.428
2734,3781,2.3996666666666666
2734,160,1.6176666666666666
2734,2646,1.0546666666666666
2734,3271,1.0546666666666666
2734,3142,0.563
2734,2971,2.6565
2734,1757,2.9175
32,1585,2.649
32,591,81.44389999999999
32,1424,44.904999999999994
32,666,0.624
32,2185,1.1669166666666668
32,1140,1.637
32,3236,1.194
32,2954,0.6352500000000001
32,109,2.94705
32,999,1.21025
32,3386,0.3708
32,3570,0.8195
32,864,4.1095
32,889,0.627
32,2582,3.6298000000000004
32,62,2.728
32,2992,0.5456000000000001
32,418,0.5456000000000001
32,744,0.5456000000000001
1585,3214,52.883869047619044
1585,2954,1.4866666666666668
1585,274,11.276619047619048
1585,2409,6.1995
1585,2868,2.0803333333333334
1585,2570,2.054
1585,2905,9.371999999999998
1585,2218,21.73220238095238
1585,1140,4.009
1585,3236,0.49
1585,62,30.708702380952378
1585,935,23.49345238095238
1585,325,4.2924999999999995
1585,1969,2.8275
1585,2738,0.8946666666666667
1585,721,3.917
1585,1323,11.344785714285715
1585,1424,2.7572023809523807
3698,575,1.1815
3698,1970,19.713166666666666
3698,3786,2.251
3698,2646,72.4855
3698,3730,16.057666666666666
3698,2907,30.42433333333333
3698,1899,55.071999999999996
3698,1319,2.969333333333333
3698,2860,2.38
3698,3664,3.0875
575,2348,0.684
575,1463,0.684
575,3136,0.684
575,3142,3.247
2703,3605,17.8785
2703,1911,23.685
2703,1038,4.704000000000001
2703,1396,2.459
2703,505,2.186
2703,3620,45.31399999999999
2703,345,10.145499999999998
2703,942,2.062
3605,1911,7.3525
3605,3062,1.166
3605,942,5.593
3406,3769,3.6355
3406,2854,0.1274
3406,3504,0.1274
3406,2283,12.604166666666666
3406,2523,1.4166666666666667
3406,555,1.58425
3406,2982,4.311416666666666
3406,90,0.5095
3406,488,0.5095
3769,2854,0.6493333333333333
3769,3283,14.3545
3769,3519,0.5375
505,3529,43.04733333333333
505,997,0.568
505,1602,28.079166666666662
505,2443,24.685833333333335
505,1841,8.084666666666667
505,2083,11.588500000000002
505,2737,0.4483333333333333
505,3412,4.610666666666667
414,2356,31.288166666666672
414,2992,0.64
414,2781,0.8965
414,325,10.441
414,1654,11.9005
414,2218,0.5186666666666667
414,1140,0.5186666666666667
414,1182,1.817
414,62,1.524
414,274,0.577
2356,3236,0.077
2356,191,0.077
2356,1654,7.648499999999999
2356,2185,3.01
2356,2781,0.7063333333333334
2356,3586,0.7063333333333334
2356,325,6.753
2356,2218,0.5186666666666667
2356,1140,0.5186666666666667
2356,2954,1.289
2535,470,70.10983333333333
2535,975,13.553333333333331
2535,2440,14.780166666666668
2535,3485,0.9225
2535,1747,2.639
2535,500,4.178
2535,2261,4.143
2535,67,1.7865
2535,581,2.099
1970,2646,38.51
1970,2860,2.05
848,2751,80.39299999999997
848,1747,1.2465
848,3567,2.1559999999999997
848,2616,4.612
848,2270,8.887999999999998
848,3744,1.4915
2751,3567,59.16566666666666
2751,1747,53.8281666666667
2751,2072,23.552833333333332
2751,1690,7.755
2751,3128,0.9215
2751,1164,2.9538333333333333
2751,1878,0.074
2751,138,30.368000000000002
2751,2270,114.94300000000001
2751,2616,111.14699999999999
2751,2501,4.6625
2751,3456,78.985
2751,224,20.676
2751,3744,1.4915
1463,2348,45.65083333333334
1463,653,25.469
1463,3136,8.505666666666666
1463,1537,5.19
1463,1696,0.862
1463,1756,2.526
1463,2282,0.4185
1463,1822,5.831
1463,3002,16.314
1463,2321,8.354
2348,3136,13.764
2348,1696,14.652000000000001
2348,509,5.7685
2348,1537,2.605
2348,3082,0.6615
2348,653,1.1255
3341,3540,35.01241666666666
3341,2711,6.865916666666666
3341,2863,8.320416666666667
3341,71,1.06825
3540,2711,15.488416666666666
3540,1545,1.748
3540,2863,15.635916666666667
3540,71,1.06825
154,197,0.94725
154,945,11.842116666666668
154,390,10.452116666666667
154,1529,6.7242999999999995
154,1927,4.3969
154,18,3.6071999999999997
154,2141,0.7034
154,2081,0.5196
637,663,1.387
663,3781,2.3495
591,2185,0.6352500000000001
591,2954,0.6352500000000001
591,109,1.36755
591,999,1.21025
591,2582,3.6298000000000004
591,3386,0.3708
591,744,0.5456000000000001
591,2992,0.5456000000000001
591,418,0.5456000000000001
1424,274,2.931785714285714
1424,935,0.41028571428571425
1424,3214,1.4835357142857144
1424,2218,2.0700357142857144
1424,62,2.2082023809523808
1424,1323,1.5349523809523808
1424,2954,0.549
509,2321,47.593499999999985
509,1289,23.430999999999997
509,1756,1.054
509,990,65.81458333333333
509,1696,5.763
509,3082,3.9305000000000003
509,2148,13.984416666666664
509,1833,13.994249999999997
509,3126,3.652
509,311,1.826
509,1686,12.141916666666667
509,2086,28.375166666666665
509,3053,0.389
509,1800,0.7276666666666666
509,397,11.113249999999999
509,3678,1.66025
509,3136,1.66025
509,495,1.66025
2321,990,1.7814999999999999
2321,2148,8.924
2523,3504,6.246666666666667
2523,2854,16.445666666666668
2523,397,4.07
2523,3041,9.974
2523,3617,9.233
2523,3573,32.833
2523,1957,1.4080000000000001
2523,1291,1.4080000000000001
3504,2854,17.116233333333334
3504,770,46.56566666666666
3504,945,2.8656666666666664
3504,3053,7.861
3504,2982,82.09883333333332
3504,3126,8.459166666666667
3504,3022,21.804166666666664
3504,555,21.130666666666666
3504,2971,1.7595
3504,336,2.813
3504,3749,3.323166666666667
3504,2914,13.620833333333334
2854,3126,107.32025
2854,3749,58.299416666666666
2854,3573,8.648
2854,2982,46.665833333333325
2854,2858,26.48625
2854,6,1.3739999999999999
2854,336,2.476
2854,2646,3.638
2854,704,1.622
3126,2858,19.19575
3126,2982,14.305833333333332
3126,770,3.3796666666666666
3126,3053,1.677
3126,2373,4.092
3126,3749,6.9712499999999995
3126,6,1.3739999999999999
3126,2646,1.155
255,3570,75.79674999999999
255,2185,2.00475
255,666,77.38725
255,2954,1.01075
255,2738,0.815
255,1778,6.5825
3570,2185,2.00475
3570,666,38.00325
3570,2954,1.01075
3570,2738,0.815
3570,1778,6.5825
3570,864,0.8195
1291,3744,1.5723333333333334
1291,1682,1.5723333333333334
1291,3308,1.5723333333333334
1291,1957,15.995000000000001
1291,3573,1.4080000000000001
1291,368,1.15675
2654,3767,94.15666666666667
2654,834,17.78316666666667
2654,719,40.51783333333334
2654,1180,0.898
2654,2635,1.0505
2654,48,24.5705
2654,3022,1.0465
2654,2532,5.353333333333333
2654,1250,8.231333333333334
2654,3499,5.842166666666667
3767,834,73.64658571428569
3767,719,66.82713333333334
3767,2499,0.538
3767,1180,1.7413333333333334
3767,1145,2.7333333333333334
3767,3357,35.12325238095238
3767,2635,21.194002380952384
3767,48,7.670999999999999
3767,1250,19.245252380952387
3767,2532,13.8755
3767,3165,8.230785714285714
3767,2123,3.800535714285714
3767,3381,1.8820357142857143
3767,1553,3.0456666666666665
3767,3499,3.592166666666667
3767,1813,0.32475
418,1016,1.179
418,2992,15.717933333333335
418,1969,2.0022666666666664
418,2198,10.981933333333334
418,721,0.43466666666666665
418,2218,0.43466666666666665
418,2409,0.9802666666666667
418,2905,0.079
418,3236,0.9802666666666667
418,62,0.35566666666666663
418,2868,0.5456000000000001
418,744,4.482266666666667
1016,2184,3.387
3214,62,7.076869047619048
3214,2954,0.24166666666666667
3214,274,2.038952380952381
3214,325,4.2924999999999995
3214,2738,1.1096666666666668
3214,2218,2.363202380952381
3214,1323,2.8521190476190474
3214,935,3.0546190476190476
3214,2868,0.215
3214,1969,0.215
3214,3236,0.215
3214,2905,2.109
3214,428,1.418
3214,2409,0.342
1866,2390,247.687
1866,1822,62.42399999999998
1866,1756,19.8835
1866,3617,8.093
1866,3041,8.093
1866,712,12.631499999999999
1866,368,4.9
1866,2646,2.4125
2390,1822,2.1765
2390,3462,4.85
2390,2646,2.4125
2390,501,3.06
791,3158,2.2844999999999995
791,2343,1.6525
3158,2343,0.8845000000000001
145,2776,6.535833333333334
145,562,22.305
145,2987,2.846833333333333
145,2957,1.1573333333333333
2776,562,5.080499999999999
2776,786,1.3479999999999999
2776,1194,0.938
2776,3562,1.5699999999999998
2776,2987,19.99433333333333
2776,2957,7.486333333333334
2776,1855,1.726
562,2987,0.48949999999999994
2373,2958,74.52260000000003
2373,121,7.252999999999999
2373,1756,1.905
2373,3786,3.8535999999999997
2373,3429,1.3805999999999998
2373,3677,15.6
2373,2646,7.853
2373,6,5.317
2373,581,6.1895
2373,2228,9.537333333333333
2373,67,1.4445
2373,2825,1.1373333333333333
2373,2296,1.1373333333333333
2958,121,0.545
2958,3786,1.3805999999999998
2958,3429,1.3805999999999998
2958,2052,57.700333333333326
2958,3761,13.567333333333334
2958,2541,9.519666666666668
2958,1071,1.5376666666666667
1164,1666,72.17533333333334
1164,1747,207.94850000000008
1164,2501,81.4131666666667
1164,3567,1.2253333333333334
1164,2270,9.856000000000002
1164,138,3.3143333333333334
1164,2725,31.182499999999997
1164,2808,13.2345
1164,1953,38.449000000000005
1164,3260,13.396500000000001
1666,1747,27.829833333333333
1666,2501,5.4623333333333335
1666,2270,2.784
1666,2808,2.6995
1747,3567,6.713666666666667
1747,2501,41.15216666666667
1747,2072,2.6493333333333338
1747,1690,1.1244999999999998
1747,836,1.614
1747,1878,0.074
1747,2270,5.706
1747,138,0.4653333333333333
1747,2725,7.523000000000001
1747,653,1.472
3786,2681,3.7835
3786,3429,24.55885
3786,3485,2.85325
2906,3752,16.9525
2906,2818,1.8765
2906,296,2.4018333333333333
2906,1659,2.4018333333333333
2906,673,1.6083333333333334
2906,1344,1.6083333333333334
2906,2920,0.3245
2906,946,0.3245
2906,2480,0.3245
2906,1607,0.3245
2906,1680,0.3245
3752,2277,93.04716666666667
3752,1878,17.048166666666667
3752,2818,18.011166666666664
3752,3329,4.433
3752,3250,1.1660000000000001
3082,3271,14.1905
3082,3053,25.398999999999994
3082,2841,10.9355
3082,2189,9.952666666666667
3082,2918,40.734833333333334
3082,2815,7.376333333333333
3082,1541,0.4605
3082,1401,0.7653333333333333
3082,2048,0.7653333333333333
3271,3053,35.8365
3271,2841,17.413999999999998
3271,2189,0.72
3271,3131,9.61
3271,2212,1.0546666666666666
3271,2646,1.0546666666666666
3271,67,2.796
3053,2841,10.7085
3053,2189,0.72
3053,2918,11.073
3053,770,1.677
3053,3131,41.868
2841,2189,0.72
815,3579,95.67800000000001
815,2938,25.366000000000003
815,2544,12.320500000000001
815,2212,4.1445
815,736,1.582
470,2440,1.6545
470,975,2.8411666666666666
975,2440,4.465166666666667
2440,2744,18.45166666666667
2440,3041,6.081166666666666
2440,3528,1.3656666666666668
2440,2753,19.479
2440,3516,4.4165
2440,1833,2.3995
2440,2121,3.5295
2440,496,1.6493333333333335
3744,1682,16.632333333333335
3744,3308,168.20433333333332
3744,2826,15.574
3744,836,1.362
3744,834,1.2646666666666666
3744,2635,1.2646666666666666
3744,3357,1.2646666666666666
3744,107,2.6545
666,2185,2.00475
666,2954,1.01075
1911,1038,7.057
1911,2256,9.427
1911,3620,2.6415
397,1800,3.536
397,2052,19.165833333333335
397,3041,17.179333333333332
397,3754,1.2165
397,2541,3.3033333333333332
397,57,0.63975
397,2856,0.63975
397,1408,0.63975
397,3727,0.63975
397,3136,1.66025
397,495,1.66025
397,3678,1.66025
1800,1833,0.7276666666666666
1800,2086,0.7276666666666666
1682,3308,1.5723333333333334
1682,511,0.5205
736,2212,41.195
736,2731,95.64649999999999
736,417,24.791999999999998
736,3579,2.2995
736,2938,1.582
736,3354,14.118000000000002
2212,2731,6.316166666666667
2212,2938,11.135666666666665
2212,2544,4.1445
2212,3579,19.3215
2212,3781,14.383666666666667
2212,2646,4.903666666666667
2212,160,1.6176666666666666
2212,3142,0.563
2212,2971,2.6565
2212,1536,1.44
2212,1757,2.9175
2731,2938,21.541500000000003
2731,3616,31.933330952380956
2731,1545,0.6924285714285714
2731,2717,5.326833333333333
2731,2544,1.3553333333333333
2731,2908,28.937235714285716
2731,702,15.665816666666666
2731,162,4.011185714285714
2731,2518,0.7442857142857143
2731,3354,14.118000000000002
2731,2069,0.7442857142857143
3041,3617,27.063500000000005
3041,2052,23.633333333333333
3041,1822,15.471499999999999
3041,2744,3.951166666666667
3041,3528,56.97266666666666
3041,2541,2.110333333333333
3041,555,1.554
3041,2982,1.554
3041,2646,1.953
3041,121,1.953
3041,176,9.419
3041,1796,2.935
3617,2052,2.4196666666666666
3617,3462,25.689
3617,2978,34.32599999999999
3617,121,3.997
3617,1822,12.8555
3617,3761,1.505
3617,3528,4.335
2052,3754,1.2165
2052,3761,30.218333333333334
2052,2541,43.847999999999985
2052,1071,6.150666666666668
1194,3562,26.174333333333333
1194,2087,31.186833333333336
1194,3527,2.990666666666667
1194,976,3.8955
3562,2087,21.57283333333333
3562,3527,3.239666666666667
3562,976,3.8955
3562,1841,5.753
2989,3485,5.3740000000000006
2989,3757,24.570999999999998
2989,3664,8.586
2989,2261,11.538
3485,3757,4.9879999999999995
3485,3429,0.95825
1841,3529,1.1686666666666667
1841,2911,1.6190000000000002
1841,1602,1.0836666666666666
1841,2443,1.9806666666666666
1841,2737,0.4483333333333333
3529,997,0.568
3529,1602,14.197500000000002
3529,2443,5.848833333333333
3529,2083,6.738499999999999
3529,3412,2.4811666666666667
1145,1180,21.13533333333334
1145,48,34.0215
1145,3022,2.3205
1145,719,2.7333333333333334
1180,48,15.055
1180,1709,13.163
1180,3022,4.452
1180,3283,4.289
1180,834,0.898
1180,719,0.8433333333333333
2185,2954,23.736666666666668
2185,1969,2.9574166666666666
2185,3236,2.0140833333333332
2185,3586,0.72075
2185,2198,2.0140833333333332
2185,2868,0.9433333333333334
2185,999,0.8883333333333333
2185,109,0.403
2954,2905,20.034333333333336
2954,2570,15.968833333333338
2954,2409,0.2565
2954,62,1.0326666666666666
2954,2218,1.5015
2954,1969,10.665166666666666
2954,2868,0.9433333333333334
2954,999,0.8883333333333333
2954,109,0.403
2905,2570,24.06983333333333
2905,2409,5.2219
2905,1140,0.597
2905,2218,1.8908999999999998
2905,2992,0.8385
2905,274,2.9475
2905,3236,0.5754
2905,1969,10.297233333333333
2905,721,0.5754
2905,62,0.791
2905,325,0.691
2905,428,1.418
2570,2409,2.0755
2570,2218,1.3155
2570,1969,3.858333333333333
1969,3586,0.72075
1969,2198,7.540683333333334
1969,3236,8.25825
1969,2218,2.9365666666666668
1969,2992,1.022
1969,2409,3.482166666666667
1969,2868,3.893933333333333
1969,721,2.961066666666667
1969,2738,0.215
1969,62,2.918166666666667
1969,1675,0.8655
1969,999,1.1665
3236,2198,5.106683333333334
3236,3586,4.33175
3236,2868,4.9321
3236,191,0.077
3236,2409,3.482166666666667
3236,2218,2.9365666666666668
3236,721,2.961066666666667
3236,62,0.35566666666666663
3236,2738,0.215
2198,3586,0.72075
2198,2868,1.8701
2198,2992,18.08433333333333
2198,721,0.6035
2198,2409,0.5456000000000001
2198,744,2.8116666666666665
3586,2617,1.557
3586,2781,2.263333333333333
3586,3550,40.9285
3586,1070,5.0705
3567,2072,3.0358333333333336
3567,2501,0.899
3567,3456,11.293999999999999
3567,2270,1.6535
653,1537,5.6525
653,3136,13.403833333333333
653,3002,31.2975
95,3002,11.749499999999998
95,1532,3.888
95,1024,15.629
2680,2774,31.633666666666667
2680,1675,0.548
2680,3602,2.2896666666666667
2680,2404,13.049666666666667
2774,3602,3.2586666666666666
2774,140,0.896
2774,445,2.8585000000000003
2774,1675,0.548
2774,2404,15.459166666666668
2544,2938,80.41183333333332
2544,1723,0.402
2544,2717,2.836333333333333
2544,1960,43.176500000000004
2544,2918,0.7626666666666666
2544,2708,9.008000000000001
2938,3142,15.23
2938,2717,5.746833333333333
2938,1960,61.89450000000001
2938,2815,4.8685
2938,2918,2.1786666666666665
2938,2708,9.008000000000001
2938,1401,1.416
1878,2277,74.14066666666666
1878,3765,16.356
1878,946,1.086
1878,296,1.086
1878,2818,15.217166666666666
2277,2818,99.01916666666666
2277,3329,13.178
2277,3250,2.915
48,834,0.5715
48,719,0.5715
48,3022,11.531
1289,990,1.5660000000000003
2147,2179,19.816000000000003
2147,232,0.63
2179,232,0.63
1476,3527,11.176
1476,2087,1.976
3527,2087,13.615666666666666
3527,1033,1.114
347,1545,1.114
347,3727,0.777
1545,1408,3.827
1545,3616,1.6400619047619047
1545,2322,9.764066666666668
1545,958,4.323466666666667
1545,162,0.2598
1545,2908,0.2598
2189,2911,1.021
2189,2918,8.300666666666668
2189,1401,0.944
2189,2048,0.944
232,2337,1.3519999999999999
2501,138,0.4653333333333333
2501,2725,10.070500000000001
2501,2616,2.1935
2501,2808,4.628
2501,3260,8.4245
2497,2681,1.1255
1756,1822,9.032499999999999
1756,107,6.7509999999999994
1756,712,2.833
390,2081,74.32655
390,197,26.186833333333333
390,945,34.82073333333334
390,1208,12.181033333333332
390,1250,1.079
390,3308,1.4252
390,2709,5.053333333333334
390,1529,6.7242999999999995
390,1927,3.0069
390,18,3.6071999999999997
390,2141,0.7034
2409,1602,0.495
2409,2218,6.916566666666667
2409,62,0.35566666666666663
2409,721,2.357566666666667
2409,2868,0.5456000000000001
1408,3782,12.92
1408,57,11.05575
1408,3727,10.689750000000002
1408,2856,0.63975
3782,3727,0.8170000000000001
3782,57,0.13999999999999999
3782,3426,22.4255
3782,3678,4.578
3782,3087,1.7135
198,3738,0.6
198,3602,3.063
198,2533,2.661
3738,3507,23.088499999999996
3738,130,1.1075
274,2184,2.944
274,2218,20.122619047619047
274,62,4.257952380952381
274,935,1.8087857142857144
274,2992,2.1675000000000004
274,1323,0.41028571428571425
274,325,0.691
2868,62,2.283
2868,1675,1.207
2868,2343,0.3415
2868,2738,1.4560000000000002
2868,325,14.670000000000002
2868,935,0.6583333333333333
2868,721,0.6035
2868,2218,0.6583333333333333
3602,3434,14.287000000000003
3602,2533,2.661
3602,2404,0.9956666666666667
368,3022,3.955
368,712,30.07183333333333
368,3734,5.3125
368,107,1.6103333333333334
368,3677,1.6103333333333334
2992,93,1.342
2992,109,2.13
2992,784,1.955
2992,218,3.4015000000000004
2992,744,4.482266666666667
3136,2282,1.3198333333333334
3136,3002,15.44
3136,495,1.66025
3136,3678,1.66025
3136,2729,11.041500000000001
3765,2282,24.100333333333335
3765,3223,10.752833333333331
3765,3412,6.7145
3765,2096,9.42
1676,98,6.627999999999999
1676,417,5.936499999999999
98,417,5.936499999999999
834,719,9.705800000000002
834,3357,48.00291904761905
834,2635,34.73366904761905
834,1250,16.94458571428572
834,3165,8.230785714285714
834,2123,3.800535714285714
834,3381,1.8820357142857143
834,1813,0.32475
834,3499,2.25
1690,3128,0.9215
1690,2929,2.8790000000000004
1690,373,1.8630000000000002
1690,2150,1.8630000000000002
3128,2312,1.224
3507,130,1.1075
57,3727,1.80825
57,2856,7.27425
57,3442,5.24
57,2041,0.9133333333333334
57,1938,0.9133333333333334
57,3530,0.9133333333333334
2839,3781,45.50900000000001
2839,3616,5.266
2839,3142,12.733999999999998
2839,3117,1.641
2839,3326,5.618
3781,3616,5.266
3781,3142,49.60199999999999
3781,2614,8.803999999999998
3781,160,1.6176666666666666
2280,3117,1.382
2280,3293,0.779
1140,2218,3.449666666666667
1140,2738,4.154
2218,2184,2.944
2218,62,17.231869047619046
2218,2738,0.213
2218,721,6.274566666666667
2218,935,1.0686190476190476
2218,1323,0.41028571428571425
2911,1602,1.5125
3768,2493,0.1955
3768,251,0.1885
3768,351,11.6385
1522,2305,0.523
1522,2078,4.1415
1522,3716,5.862500000000001
2305,2078,0.788
2305,2726,1.738
2087,976,2.8040000000000003
786,2987,0.743
786,2957,0.743
990,1833,7.81175
990,2831,3.691
990,1686,1.5365833333333332
990,2148,1.5365833333333332
719,2499,0.538
719,2635,3.8098
719,3357,1.7413
719,1250,0.6908000000000001
719,2532,20.4935
719,1553,5.063666666666666
719,3678,2.013
62,2738,10.106666666666667
62,325,0.637
62,1654,1.524
62,721,0.35566666666666663
62,1323,1.5349523809523808
62,935,0.41028571428571425
2738,325,1.241
265,2078,2.5410000000000004
265,1191,2.2910000000000004
2078,3716,3.0295
3727,2856,1.66825
3727,3190,19.885
93,784,0.302
93,889,6.577999999999999
784,318,0.479
733,2920,31.729916666666668
733,296,4.793916666666667
733,946,2.0871666666666666
733,1680,0.90925
2920,296,5.118416666666667
2920,946,2.4116666666666666
2920,1680,1.2337500000000001
2920,1659,0.3245
2920,2480,0.3245
2920,1607,0.3245
296,946,126.87616666666666
296,1659,5.487833333333333
296,1607,5.663500000000001
296,1680,1.2337500000000001
296,2480,0.3245
2681,1899,2.4285
2681,3429,2.4285
3117,597,16.198
2711,2863,9.276416666666666
2711,71,1.06825
3616,2908,62.65638571428574
3616,702,25.370116666666668
3616,162,8.138585714285714
3616,2518,3.079335714285714
3616,958,1.1376
3616,2322,0.2598
3616,2069,0.7442857142857143
1709,3022,4.523
3142,160,0.563
325,3293,2.68
325,2781,0.8965
325,1182,1.233
325,1654,0.811
2781,2983,13.397883333333333
2781,2617,82.60888333333332
2781,1300,1.2225
2781,3514,54.49573333333332
2781,3081,0.6086
2781,3559,10.66655
2781,1975,11.6448
2983,2617,10.773883333333334
2983,3514,5.440383333333333
2983,3559,3.18005
2983,2733,4.5
2983,1975,0.9558
121,3104,11.472999999999999
121,2646,10.488
121,2982,3.43
140,2820,15.6475
140,37,11.6415
1944,2533,1.381
191,2862,42.811000000000014
836,3308,1.362
836,2826,1.362
770,2982,17.191666666666666
770,2607,31.8405
770,522,4.041499999999999
770,3022,0.698
3022,2982,8.548666666666668
3022,2971,1.7595
3022,2914,3.4016666666666664
3022,522,0.698
3022,2607,0.698
1675,2343,0.3415
2343,2982,12.218
2343,555,12.218
3002,2729,2.4125
138,3456,2.6695
138,2616,2.6695
946,1659,3.4105
946,1607,0.3245
946,1680,0.3245
946,2480,0.3245
2270,2616,12.814499999999999
2270,224,15.704
3573,1957,1.4080000000000001
1833,3516,13.23105
1833,2831,16.588133333333335
1833,3104,25.589
1833,2148,8.832583333333334
1833,2086,2.7271666666666663
1833,1686,2.2005833333333333
1833,2641,32.7295
1833,1820,7.645
3090,3754,43.387
3090,1989,7.1850000000000005
3754,2041,5.9945
3754,65,2.1075
3754,1989,7.1850000000000005
3754,3530,1.223
3754,1938,1.223
3209,3397,11.595000000000002
3209,2737,0.916
3209,1946,2.255
3209,2552,1.496
3397,2737,2.184
3397,1946,1.428
251,351,0.1885
945,3776,14.786999999999999
945,2081,12.096883333333333
945,197,2.398
945,3308,1.4252
945,1208,2.5355333333333334
945,2709,2.76
945,1529,6.7242999999999995
945,1927,4.3969
945,18,3.6071999999999997
945,2141,0.7034
2820,37,13.5955
2987,2957,72.66933333333334
2987,1855,1.726
2987,2565,2.673
1300,2617,1.2225
2081,197,12.728083333333334
2081,1208,6.6422
2081,1250,1.079
2081,3308,1.4252
2081,2709,5.053333333333334
2081,1529,0.5196
2717,1960,3.936
2717,553,2.076
2978,111,2.757
2818,3329,3.267
3776,107,2.054
2744,3528,4.435666666666666
1602,2443,2.9011666666666667
3062,3726,26.115000000000002
3062,1921,0.563
445,2404,2.4095
2907,3730,11.679666666666666
2907,2646,29.409166666666668
2907,1733,10.282
3620,345,3.3375000000000004
2863,71,1.06825
2918,2815,4.161333333333333
2918,3131,1.761
2918,1960,0.7626666666666666
2918,2048,45.114333333333335
2918,2757,2.832
2918,1401,3.1253333333333333
3308,2826,15.574
3308,1208,1.4252
3308,107,2.6545
3429,581,2.0145
3429,1899,32.845
3429,2646,2.6585
2617,3514,25.963883333333335
2617,3559,3.18005
2617,1975,0.9558
2737,2443,0.8503333333333334
1960,2708,9.008000000000001
1960,2971,4.011
3749,2858,8.04425
3749,2982,5.861166666666667
3749,704,1.622
612,1469,3.919
3761,2541,2.8386666666666667
3761,1071,6.150666666666668
2908,702,27.106783333333336
2908,162,8.138585714285714
2908,2518,3.079335714285714
2908,2322,0.2598
2908,958,1.1376
2908,2069,0.7442857142857143
3283,3519,34.1215
3283,336,22.063000000000002
3283,228,13.702000000000002
3283,457,4.402
511,1921,8.535549999999999
511,723,0.9400000000000001
511,745,2.2028
511,2283,0.4015
2282,3223,3.8423333333333334
2282,2096,1.543
2283,90,0.5095
2283,488,0.5095
2283,2982,0.5095
2982,555,170.66358333333332
2982,2858,3.1726666666666663
2982,6,1.3739999999999999
2982,2914,9.204333333333333
2982,2646,3.638
2982,90,0.5095
2982,488,0.5095
2982,1082,9.745666666666667
2982,858,6.648666666666667
889,864,0.627
2858,3088,88.36599999999999
935,1323,1.3216190476190475
2957,2565,2.673
2148,1686,5.239916666666667
2148,2086,0.4925
2148,2813,3.302
3494,3104,1.0505
3494,3534,5.6240000000000006
3494,1820,3.551
111,1444,2.528
2831,3516,3.9469999999999996
1899,2646,12.670000000000002
1899,3748,8.093
1899,3664,3.0875
1899,1337,0.7679999999999999
1899,1319,1.619
555,858,6.648666666666667
555,1082,18.897666666666666
555,1644,4.773
2786,2794,47.1995
2786,2586,4.5495
2786,1595,0.17800000000000002
3748,2646,3.359
3748,3730,6.635999999999999
3081,3514,0.6086
2616,3456,4.1125
332,2929,0.9269999999999999
2929,2647,3.235
2929,373,30.645000000000003
2929,2150,13.346
3357,2635,19.36416904761905
3357,1250,8.075252380952382
3357,3165,6.370119047619047
3357,2123,3.800535714285714
3357,3381,1.8820357142857143
3357,1813,0.32475
2635,1250,7.067335714285715
2635,3381,1.8820357142857143
2635,2123,1.8820357142857143
2635,3165,1.8820357142857143
2635,1813,0.32475
3677,3730,3.562
3677,712,5.608333333333333
3677,107,1.6103333333333334
3516,2641,1.8395833333333331
3516,2813,0.79225
2646,3730,14.1875
2646,1319,1.3503333333333334
2646,2860,2.05
2646,1733,3.994
2646,3664,3.0875
2646,1337,0.7679999999999999
495,3678,4.98575
495,178,1.1085
3678,3087,18.108999999999998
3678,3426,2.8645
3678,178,18.395999999999997
109,999,1.68525
109,3386,0.3708
109,2582,0.3708
1532,2586,2.9875
2725,2808,1.858
702,162,2.90095
702,2518,1.1268
311,2794,1.6099999999999999
197,1208,1.0915
1250,1208,1.079
1250,3165,5.013952380952381
1250,2123,1.8820357142857143
1250,3381,1.8820357142857143
1250,3499,2.4306666666666668
1250,1813,0.32475
2443,3412,4.610666666666667
2443,2083,1.1095
162,2518,3.079335714285714
162,958,1.1376
162,2322,0.2598
162,2069,0.7442857142857143
2815,2652,5.0915
1541,2281,6.0605
3514,3559,5.08955
3514,1975,2.3738
3087,178,0.8875
3550,1070,5.0705
2641,1820,7.715
2641,2813,0.79225
2647,648,2.671
2083,3412,1.1095
2041,65,2.1075
2041,1938,2.1363333333333334
2041,3530,2.1363333333333334
3426,2880,6.851
2586,1595,0.17800000000000002
2322,958,4.323466666666667
3223,3412,5.0955
2813,2860,14.588
553,336,4.291
6,2971,11.329
6,2822,7.157333333333332
6,3739,0.7743333333333333
6,2673,0.7743333333333333
2532,1553,5.063666666666666
107,712,1.6103333333333334
2518,2069,0.7442857142857143
336,228,9.71
373,2150,6.795000000000001
3165,2123,3.800535714285714
3165,3381,1.8820357142857143
3165,1813,0.32475
673,2754,9.322
673,1344,3.5103333333333335
1921,745,0.8477999999999999
2582,3386,0.3708
2123,3381,1.8820357142857143
2123,1813,0.32475
2048,1401,1.7093333333333334
1529,1927,1.6099999999999999
1529,18,3.6071999999999997
3559,1975,2.7138
2228,2825,1.1373333333333333
2228,2296,1.1373333333333333
2552,3016,0.742
1927,18,1.6099999999999999
1927,2141,0.7034
2733,3268,11.447000000000001
723,745,0.9400000000000001
90,488,0.5095
339,2355,3.999
339,2673,0.866
2355,2673,0.866
2607,522,4.041499999999999
1659,2480,0.3245
1659,1607,0.3245
1659,1680,0.3245
3329,3250,2.915
3381,1813,0.32475
2822,2673,6.770333333333333
2822,3739,0.7743333333333333
1938,3530,2.1363333333333334
858,1082,1.7206666666666666
2673,3739,4.9623333333333335
1607,2480,0.3245
1607,1680,0.3245
1680,2480,0.3245
2296,2825,1.1373333333333333
